confusionMatrix =

    38     3     2     6     4    35
    94    42     4     8     1    38
    30     2    19    24     5   107
     4     3     0   151     2    49
    10     6     6     7    26    55
     3     6    16     6     7   182


recallAndPrecisionRates =

   43.1818   21.2291
   22.4599   67.7419
   10.1604   40.4255
   72.2488   74.7525
   23.6364   57.7778
   82.7273   39.0558


f1Measures =

   28.4644
   33.7349
   16.2393
   73.4793
   33.5484
   53.0612


ans =

    0.4575
