confusionMatrix =

   10.4000    0.7000    2.1000         0         0         0
    2.8000   14.8000    1.9000    0.1000    0.2000         0
    2.0000    0.8000    9.0000    0.1000         0         0
    2.7000    4.6000    6.9000    7.4000         0         0
    5.7000    3.5000    3.0000    0.4000    0.6000         0
    1.6000    2.9000   16.1000    0.1000         0         0


recallAndPrecisionRates =

   78.7879   41.2698
   74.7475   54.2125
   75.6303   23.0769
   34.2593   91.3580
    4.5455   75.0000
         0         0


f1Measures =

   54.1667
   62.8450
   35.3635
   49.8316
    8.5714
         0


classificationRate =

   42.2000
