classificationRate =

   563/1001


confusionMatrix =

    32    11    15    15     3    12
    53    83     7    30     8     6
    47    12    72    26     1    29
    13     5     8   172     2     9
    27    10    28    11    26     8
     6     2    21    12     1   178


recallAndPrecisionRates =

   36.3636   17.9775
   44.3850   67.4797
   38.5027   47.6821
   82.2967   64.6617
   23.6364   63.4146
   80.9091   73.5537


f1Measures =

   24.0602
   53.5484
   42.6036
   72.4211
   34.4371
   77.0563
