Fold 1:

foldRecallAndPrecisionRates =

   60.0000   90.0000
   75.0000   68.1818
   77.7778   50.0000
   72.0000   81.8182
   69.2308   90.0000
   88.8889   72.7273


foldF1Measures =

   73.1925

Fold 2:

foldRecallAndPrecisionRates =

   72.7273   50.0000
   71.4286   83.3333
   66.6667   53.3333
   80.7692   75.0000
   45.4545   71.4286
   70.0000   82.3529


foldF1Measures =

   67.4084

Fold 3:

foldRecallAndPrecisionRates =

  100.0000   55.5556
   68.4211   81.2500
   87.5000   77.7778
  100.0000   88.8889
   57.8947  100.0000
   95.0000  100.0000


foldF1Measures =

   82.1590

Fold 4:

foldRecallAndPrecisionRates =

   68.4211   86.6667
   61.9048   76.4706
   85.7143   70.5882
   93.7500   71.4286
   60.0000   66.6667
   90.4762   86.3636


foldF1Measures =

   75.8203

Fold 5:

foldRecallAndPrecisionRates =

   66.6667   83.3333
   88.2353   71.4286
   80.0000   80.0000
   80.6452   89.2857
   80.0000   72.7273
   82.3529   77.7778


foldF1Measures =

   78.9929

Fold 6:

foldRecallAndPrecisionRates =

   88.8889   76.1905
   76.9231   71.4286
   69.2308   81.8182
   82.6087   90.4762
   58.8235   83.3333
   93.7500   71.4286


foldF1Measures =

   77.9226

Fold 7:

foldRecallAndPrecisionRates =

   58.3333   70.0000
   72.2222   68.4211
   80.0000   80.0000
   85.7143   81.8182
   72.2222   86.6667
   95.4545   84.0000


foldF1Measures =

   77.6295

Fold 8:

foldRecallAndPrecisionRates =

   54.5455   66.6667
   71.4286   76.9231
   75.0000   60.0000
   92.8571   72.2222
   40.0000   36.3636
   80.0000   95.2381


foldF1Measures =

   67.8404

Fold 9:

foldRecallAndPrecisionRates =

   88.8889   61.5385
   63.6364   93.3333
   80.0000   80.0000
   94.4444   80.9524
   60.0000   75.0000
   86.3636   76.0000


foldF1Measures =

   77.1834

Fold 10:

foldRecallAndPrecisionRates =

   75.0000   60.0000
   84.2105   84.2105
   62.5000   76.9231
   77.7778   82.3529
   55.5556   71.4286
   92.3077   82.7586


foldF1Measures =

   74.9359


confusionMatrix =

    9.6000    1.0000    0.7000    0.6000    1.0000    0.3000
    1.3000   14.4000    0.5000    1.7000    1.3000    0.6000
    0.9000    0.1000    9.0000    0.5000         0    1.4000
    0.6000    1.1000    0.7000   18.4000    0.1000    0.7000
    1.3000    1.8000    0.7000    0.6000    8.0000    0.8000
    0.2000    0.3000    1.3000    0.7000    0.1000   18.1000


recallAndPrecisionRates =

   72.7273   69.0647
   72.7273   77.0053
   75.6303   69.7674
   85.1852   81.7778
   60.6061   76.1905
   87.4396   82.6484


f1Measures =

   70.8487
   74.8052
   72.5806
   83.4467
   67.5105
   84.9765


classificationRate =

   77.5000
