confusionMatrix =

   10.3000    0.7000    2.2000         0         0         0
    2.0000   15.6000    1.8000    0.2000    0.2000         0
    0.5000    0.3000   11.0000         0    0.1000         0
    1.2000    2.0000    5.4000   13.0000         0         0
    5.6000    3.3000    3.3000    0.4000    0.6000         0
    0.9000    0.4000   19.3000    0.1000         0         0


recallAndPrecisionRates =

   78.0303   50.2439
   78.7879   69.9552
   92.4370   25.5814
   60.1852   94.8905
    4.5455   66.6667
         0         0


f1Measures =

   61.1276
   74.1093
   40.0729
   73.6544
    8.5106
         0


classificationRate =

   50.5000
