jaccard:

1-nearest:

confusionMatrix =

    9.6000    1.0000    0.7000    0.6000    1.0000    0.3000
    1.2000   14.5000    0.5000    1.7000    1.3000    0.6000
    0.9000    0.1000    8.9000    0.5000         0    1.5000
    0.6000    1.0000    0.7000   18.5000    0.1000    0.7000
    1.3000    1.8000    0.7000    0.6000    8.0000    0.8000
    0.2000    0.3000    1.3000    0.7000    0.1000   18.1000


recallAndPrecisionRates =

   72.7273   69.5652
   73.2323   77.5401
   74.7899   69.5313
   85.6481   81.8584
   60.6061   76.1905
   87.4396   82.2727


f1Measures =

   71.1111
   75.3247
   72.0648
   83.7104
   67.5105
   84.7775


classificationRate =

   77.6000

2 nearest:

confusionMatrix =

   10.0000    1.4000    0.7000    0.6000    0.4000    0.1000
    2.3000   15.9000    0.3000    0.8000    0.4000    0.1000
    1.5000    0.2000    8.7000    0.5000    0.2000    0.8000
    1.0000    1.0000    0.3000   18.9000         0    0.4000
    2.5000    2.6000    0.8000    0.8000    6.3000    0.2000
    0.2000    0.3000    1.4000    0.6000    0.2000   18.0000


recallAndPrecisionRates =

   75.7576   57.1429
   80.3030   74.2991
   73.1092   71.3115
   87.5000   85.1351
   47.7273   84.0000
   86.9565   91.8367


f1Measures =

   65.1466
   77.1845
   72.1992
   86.3014
   60.8696
   89.3300


classificationRate =

   77.8000

3 nearest:

confusionMatrix =

    9.5000    1.3000    0.5000    0.9000    0.5000    0.5000
    1.6000   14.7000    0.5000    1.5000    1.0000    0.5000
    1.1000    0.4000    7.4000    0.3000    0.2000    2.5000
    0.3000    0.5000    0.2000   19.9000    0.1000    0.6000
    1.9000    2.0000    0.7000    1.2000    6.4000    1.0000
    0.1000    0.3000    0.7000    0.4000         0   19.2000


recallAndPrecisionRates =

   71.9697   65.5172
   74.2424   76.5625
   62.1849   74.0000
   92.1296   82.2314
   48.4848   78.0488
   92.7536   79.0123


f1Measures =

   68.5921
   75.3846
   67.5799
   86.8996
   59.8131
   85.3333


classificationRate =

   77.1000

5 nearest:

confusionMatrix =

    8.1000    1.4000    0.8000    1.4000    0.8000    0.7000
    1.6000   14.4000    0.4000    2.2000    0.5000    0.7000
    1.0000         0    6.8000    0.5000    0.2000    3.4000
    0.1000    0.6000    0.1000   20.0000    0.2000    0.6000
    1.5000    2.2000    0.5000    1.4000    6.2000    1.4000
    0.1000    0.1000    0.7000    0.7000         0   19.1000


recallAndPrecisionRates =

   61.3636   65.3226
   72.7273   77.0053
   57.1429   73.1183
   92.5926   76.3359
   46.9697   78.4810
   92.2705   73.7452


f1Measures =

   63.2812
   74.8052
   64.1509
   83.6820
   58.7678
   81.9742


classificationRate =

   74.6000
