confusionMatrix =

    7.7000    3.1000    1.6000    0.3000    0.1000    0.4000
    2.0000   12.1000    3.7000    1.4000    0.4000    0.2000
    1.5000    1.2000    9.0000         0         0    0.2000
    2.1000    5.0000    2.0000   11.9000    0.3000    0.3000
    1.6000    3.7000    6.5000    0.2000    0.2000    1.0000
    0.4000    2.6000   15.1000    0.2000         0    2.4000


recallAndPrecisionRates =

   58.3333   50.3268
   61.1111   43.6823
   75.6303   23.7467
   55.0926   85.0000
    1.5152   20.0000
   11.5942   53.3333


f1Measures =

   54.0351
   50.9474
   36.1446
   66.8539
    2.8169
   19.0476


classificationRate =

   43.3000
