Fold 1:

foldRecallAndPrecisionRates =

   66.6667   58.8235
   75.0000   62.5000
   77.7778   46.6667
   64.0000   80.0000
   30.7692   80.0000
   88.8889   84.2105


foldF1Measures =

   65.1762

Fold 2:

foldRecallAndPrecisionRates =

   72.7273   47.0588
   76.1905   80.0000
   58.3333   50.0000
   84.6154   78.5714
   36.3636   66.6667
   70.0000   87.5000


foldF1Measures =

   65.8926

Fold 3:

foldRecallAndPrecisionRates =

  100.0000   66.6667
   68.4211   68.4211
   75.0000   54.5455
   95.8333   92.0000
   52.6316   71.4286
   80.0000  100.0000


foldF1Measures =

   75.8252

Fold 4:

foldRecallAndPrecisionRates =

   68.4211   76.4706
   57.1429   80.0000
   85.7143   60.0000
   87.5000   70.0000
   60.0000   66.6667
   80.9524   85.0000


foldF1Measures =

   72.2233

Fold 5:

foldRecallAndPrecisionRates =

   73.3333   78.5714
   88.2353   62.5000
   70.0000   87.5000
   77.4194   88.8889
   60.0000   66.6667
   82.3529   77.7778


foldF1Measures =

   75.4545

Fold 6:

foldRecallAndPrecisionRates =

   83.3333   83.3333
   84.6154   64.7059
   76.9231   76.9231
   86.9565   86.9565
   47.0588   80.0000
   87.5000   73.6842


foldF1Measures =

   76.6343

Fold 7:

foldRecallAndPrecisionRates =

   58.3333   63.6364
   66.6667   66.6667
   70.0000   63.6364
   90.4762   82.6087
   66.6667   85.7143
   86.3636   79.1667


foldF1Measures =

   73.0292

Fold 8:

foldRecallAndPrecisionRates =

   54.5455   54.5455
   75.0000   84.0000
   75.0000   50.0000
   92.8571   68.4211
   40.0000   40.0000
   64.0000   94.1176


foldF1Measures =

   64.7948

Fold 9:

foldRecallAndPrecisionRates =

   88.8889   40.0000
   50.0000  100.0000
   73.3333   57.8947
   72.2222   72.2222
   53.3333   80.0000
   77.2727   73.9130


foldF1Measures =

   66.3871

Fold 10:

foldRecallAndPrecisionRates =

   66.6667   53.3333
   89.4737   68.0000
   81.2500   68.4211
   55.5556   83.3333
   22.2222   50.0000
   88.4615   92.0000


foldF1Measures =

   66.4083


confusionMatrix =

    9.6000    0.9000    1.0000    0.7000    0.8000    0.2000
    2.1000   14.3000    0.4000    1.5000    1.1000    0.4000
    0.8000    0.2000    8.9000    0.5000    0.1000    1.4000
    1.0000    1.7000    0.7000   17.4000    0.2000    0.6000
    1.7000    2.6000    1.4000    0.6000    6.4000    0.5000
    0.3000    0.1000    2.4000    0.8000    0.5000   16.6000


recallAndPrecisionRates =

   72.7273   61.9355
   72.2222   72.2222
   74.7899   60.1351
   80.5556   80.9302
   48.4848   70.3297
   80.1932   84.2640


f1Measures =

   66.8990
   72.2222
   66.6667
   80.7425
   57.3991
   82.1782


classificationRate =

   73.2000
