Fold 1
:
foldF1Measures =

   69.2308
   87.8049
   70.0000
   91.6667
   64.5161
   88.2353

Fold 2
:
foldF1Measures =

   70.0000
   73.9130
   69.2308
   90.5660
   70.5882
   85.0000

Fold 3
:
foldF1Measures =

   83.3333
   84.2105
   82.3529
   97.9592
   72.7273
   97.4359

Fold 4
:
foldF1Measures =

   60.6061
   85.7143
   75.8621
   85.7143
   60.0000
   93.0233

Fold 5
:
foldF1Measures =

   88.8889
   72.2222
   86.9565
   88.1356
   70.0000
   97.1429

Fold 6
:
foldF1Measures =

   86.4865
   75.0000
   72.0000
   91.3043
   72.7273
   80.0000

Fold 7
:
foldF1Measures =

   69.5652
   75.0000
   88.8889
   88.3721
   78.7879
   88.8889

Fold 8
:
foldF1Measures =

   80.0000
   88.8889
   83.3333
   90.3226
   66.6667
   89.3617

Fold 9
:
foldF1Measures =

   80.0000
   78.0488
   85.7143
   94.4444
   73.3333
   93.6170

Fold 10
:
foldF1Measures =

   91.6667
   92.6829
   85.7143
   94.4444
   75.0000
   94.5455

1-output:

confusionMatrix =

    9.9000    1.0000    0.5000    0.4000    1.2000    0.2000
    0.9000   16.5000    0.5000    0.6000    1.2000    0.1000
    0.4000    0.3000    9.5000    0.3000    0.3000    1.1000
         0    0.6000    0.3000   19.9000    0.4000    0.4000
    1.0000    2.0000    0.4000    0.3000    9.1000    0.4000
         0    0.1000    0.7000    0.5000    0.3000   19.1000


recallAndPrecisionRates =

   75.0000   81.1475
   83.3333   80.4878
   79.8319   79.8319
   92.1296   90.4545
   68.9394   72.8000
   92.2705   89.6714


f1Measures =

   77.9528
   81.8859
   79.8319
   91.2844
   70.8171
   90.9524


classificationRate =

    0.8367

Fold 1
:
foldF1Measures =

   76.9231
   83.7209
   82.3529
   88.8889
   66.6667
  100.0000

Fold 2
:
foldF1Measures =

   63.6364
   78.2609
   69.2308
   85.7143
   42.8571
   78.9474

Fold 3
:
foldF1Measures =

   84.2105
   80.0000
   66.6667
   97.9592
   75.0000
   87.1795

Fold 4
:
foldF1Measures =

   53.3333
   76.9231
   86.6667
   83.3333
   59.2593
   90.0000

Fold 5
:
foldF1Measures =

   76.9231
   71.7949
   94.7368
   92.0635
   60.0000
   90.9091

Fold 6
:
foldF1Measures =

   83.3333
   76.9231
   75.0000
   93.6170
   64.5161
   77.7778

Fold 7
:
foldF1Measures =

   52.6316
   70.2703
   58.8235
   84.4444
   88.8889
   87.5000

Fold 8
:
foldF1Measures =

   76.1905
   88.8889
   83.3333
   93.3333
   63.6364
   85.7143

Fold 9
:
foldF1Measures =

   73.6842
   71.1111
   78.5714
   94.4444
   66.6667
   85.1064

Fold 10
:
foldF1Measures =

   86.9565
   80.0000
   73.3333
   97.1429
   57.1429
   90.5660

6-output:

confusionMatrix =

    8.8000    1.6000    0.6000    0.6000    1.5000    0.1000
    0.6000   16.0000    0.3000    0.7000    1.8000    0.4000
    0.2000    0.4000    9.0000    0.2000    0.3000    1.8000
    0.1000    0.8000         0   20.1000    0.4000    0.2000
    1.0000    2.1000    0.4000    0.4000    8.9000    0.4000
    0.2000    0.2000    1.1000    0.6000    0.3000   18.3000


recallAndPrecisionRates =

   66.6667   80.7339
   80.8081   75.8294
   75.6303   78.9474
   93.0556   88.9381
   67.4242   67.4242
   88.4058   86.3208


f1Measures =

   73.0290
   78.2396
   77.2532
   90.9502
   67.4242
   87.3508


classificationRate =

    0.8079
