Fold 1
:
foldF1Measures =

   78.5756

Fold 2
:
foldF1Measures =

   76.5497

Fold 3
:
foldF1Measures =

   86.3365

Fold 4
:
foldF1Measures =

   76.8200

Fold 5
:
foldF1Measures =

   83.8910

Fold 6
:
foldF1Measures =

   79.5864

Fold 7
:
foldF1Measures =

   81.5838

Fold 8
:
foldF1Measures =

   83.0955

Fold 9
:
foldF1Measures =

   84.1930

Fold 10
:
foldF1Measures =

   89.0090

1-output:

confusionMatrix =

    9.9000    1.0000    0.5000    0.4000    1.2000    0.2000
    0.9000   16.5000    0.5000    0.6000    1.2000    0.1000
    0.4000    0.3000    9.5000    0.3000    0.3000    1.1000
         0    0.6000    0.3000   19.9000    0.4000    0.4000
    1.0000    2.0000    0.4000    0.3000    9.1000    0.4000
         0    0.1000    0.7000    0.5000    0.3000   19.1000


recallAndPrecisionRates =

   75.0000   81.1475
   83.3333   80.4878
   79.8319   79.8319
   92.1296   90.4545
   68.9394   72.8000
   92.2705   89.6714


f1Measures =

   77.9528
   81.8859
   79.8319
   91.2844
   70.8171
   90.9524


classificationRate =

    0.8367

Fold 1
:
foldF1Measures =

   83.0921

Fold 2
:
foldF1Measures =

   69.7745

Fold 3
:
foldF1Measures =

   81.8360

Fold 4
:
foldF1Measures =

   74.9193

Fold 5
:
foldF1Measures =

   81.0712

Fold 6
:
foldF1Measures =

   78.5279

Fold 7
:
foldF1Measures =

   73.7598

Fold 8
:
foldF1Measures =

   81.8494

Fold 9
:
foldF1Measures =

   78.2640

Fold 10
:
foldF1Measures =

   80.8569

6-output:

confusionMatrix =

    8.8000    1.6000    0.6000    0.6000    1.5000    0.1000
    0.6000   16.0000    0.3000    0.7000    1.8000    0.4000
    0.2000    0.4000    9.0000    0.2000    0.3000    1.8000
    0.1000    0.8000         0   20.1000    0.4000    0.2000
    1.0000    2.1000    0.4000    0.4000    8.9000    0.4000
    0.2000    0.2000    1.1000    0.6000    0.3000   18.3000


recallAndPrecisionRates =

   66.6667   80.7339
   80.8081   75.8294
   75.6303   78.9474
   93.0556   88.9381
   67.4242   67.4242
   88.4058   86.3208


f1Measures =

   73.0290
   78.2396
   77.2532
   90.9502
   67.4242
   87.3508


classificationRate =

    0.8079
