
CrossValidateOneOutput(x2, y2);

confusionMatrix =

   10.1000    0.9000    0.6000    0.2000    1.3000    0.1000
    1.7000   16.2000    0.1000    0.6000    1.1000    0.1000
    0.3000    0.2000    9.4000    0.3000    0.5000    1.2000
    0.1000    0.6000         0   20.5000    0.2000    0.2000
    1.1000    2.0000    0.7000    0.5000    8.5000    0.4000
    0.2000    0.1000    0.9000    0.3000    0.3000   18.9000


recallAndPrecisionRates =

   76.5152   74.8148
   81.8182   81.0000
   78.9916   80.3419
   94.9074   91.5179
   64.3939   71.4286
   91.3043   90.4306


f1Measures =

   75.6554
   81.4070
   79.6610
   93.1818
   67.7291
   90.8654


classificationRate =

    0.8328







CrossValidateSixOutput(x2, y2);

confusionMatrix =

    9.1000    1.8000    0.4000    0.4000    1.4000    0.1000
    1.4000   15.5000    0.5000    0.8000    1.5000    0.1000
    0.4000    0.3000    9.3000    0.1000    0.6000    1.2000
    0.2000    0.8000         0   20.0000    0.3000    0.3000
    1.2000    2.2000    0.5000    0.6000    8.5000    0.2000
         0    0.2000    1.2000    0.6000    0.4000   18.3000


recallAndPrecisionRates =

   68.9394   73.9837
   78.2828   74.5192
   78.1513   78.1513
   92.5926   88.8889
   64.3939   66.9291
   88.4058   90.5941


f1Measures =

   71.3725
   76.3547
   78.1513
   90.7029
   65.6371
   89.4866


classificationRate =

    0.8039
