confusionMatrix =

    29    23     7    13    11     5
    35   112     5    18    13     4
    48    10    74    19    14    22
     9    13     3   172     8     4
    23    15    20     6    42     4
     5    13    23     7    15   157


recallAndPrecisionRates =

   32.9545   19.4631
   59.8930   60.2151
   39.5722   56.0606
   82.2967   73.1915
   38.1818   40.7767
   71.3636   80.1020


f1Measures =

   24.4726
   60.0536
   46.3950
   77.4775
   39.4366
   75.4808


ans =

    0.5854
